e7
37
01
20
7c
4a
02
20
9c
67
03
20
1c
ba
04
20
e8
fd
05
20
a7
23
06
20
16
47
07
20
c4
e1
08
20
00
f3
09
20
59
3d
0a
20
f8
4d
0b
20
fb
4b
0c
20
11
b3
0d
20
a2
74
0e
20
fc
4f
0f
20
a5
70
10
20
de
88
11
20
96
11
12
20
90
5c
13
20
17
9d
14
20
de
b7
15
20
83
be
16
20
86
59
17
20
14
a8
18
20
cd
79
19
20
5c
c6
1a
20
4f
60
1b
20
b2
17
1c
20
97
e8
1d
20
ff
56
1e
20
1e
cf
1f
20
6f
f0
68
ad
16
ac
29
11
fa
f7
11
8e
24
90
00
00
79
68
2a
8e
31
f2
0a
11
5c
9d
28
8e
2a
80
10
01
7f
c4
2a
22
3d
3b
52
32
24
58
00
01
2a
90
32
01
25
80
28
02
25
50
30
02
20
80
4a
01
20
40
0a
02
1c
1d
09
8e
45
e2
12
10
8f
1b
11
8d
25
50
40
01
5d
d6
6b
35
20
88
69
01
22
88
2b
02
20
80
28
01
20
50
52
01
20
40
48
02
22
58
30
01
82
b0
31
8e
24
50
0a
02
25
80
70
01
24
58
00
01
25
88
32
01
28
b8
6b
31
20
40
20
02
aa
c2
68
21
2a
48
11
00
20
80
09
02
4c
1d
00
8d
f8
14
31
12
12
52
2a
11
20
50
08
00
24
00
4b
02
80
f5
40
36
25
40
0b
00
34
40
0b
30
87
5d
32
36
cb
7f
10
ac
25
80
30
01
a1
13
29
ae
3b
d2
31
21
44
47
2a
8e
1a
cf
51
ae
20
88
11
02
22
80
2b
02
22
00
72
01
c3
a1
09
ac
2a
88
4b
02
3a
42
29
31
22
90
31
02
22
48
29
01
2a
58
31
01
25
48
10
00
80
d0
28
8e
20
48
48
01
de
ee
32
22
0b
39
4b
31
25
48
10
01
dc
fc
11
3a
24
50
0b
00
04
35
71
ad
22
80
10
00
2a
48
4a
02
25
50
68
01
70
06
0b
39
18
7a
0b
38
25
90
11
01
ab
2d
08
ac
b1
07
28
3a
25
00
49
02
24
48
48
01
22
40
68
01
24
88
4a
01
4a
bc
2a
39
52
30
28
35
a5
86
29
ad
2a
90
70
01
20
90
08
01
24
80
51
01
24
80
68
01
74
27
08
34
d3
c7
2a
12
25
00
08
02
2a
00
00
01
25
40
00
00
2a
88
49
01
25
88
52
01
22
80
12
00
cb
f1
50
22
24
88
0a
01
16
b9
49
3a
57
9b
69
31
a5
ae
40
21
31
52
2b
11
20
00
08
01
24
00
32
02
ba
06
69
ad
9a
8d
52
32
25
40
08
02
22
90
12
01
2a
00
6a
01
20
40
40
01
11
aa
11
8c
83
a2
0a
3a
a4
84
31
21
2a
90
0b
01
24
88
30
01
f9
66
11
3a
fe
0f
40
3a
55
99
00
20
25
90
10
02
ed
c3
31
8e
42
30
32
8e
2a
58
0b
02
7b
05
4b
ae
2a
40
11
00
2a
00
60
01
2a
58
6b
01
2a
48
10
01
d1
7e
29
35
20
40
4a
01
5c
8c
12
ac
22
02
00
39
2a
58
11
02
22
50
2b
02
24
88
4a
01
24
90
10
01
22
48
0b
01
25
50
28
01
79
91
40
12
a7
1f
0a
38
22
40
51
02
20
58
08
01
fe
de
4a
31
2a
80
11
00
2a
50
11
01
22
00
28
01
2a
40
0a
01
20
90
48
01
22
48
32
01
ee
d2
08
8c
2a
80
10
01
20
80
20
01
22
80
60
01
20
58
30
02
24
48
12
02
09
b5
70
ad
25
58
2b
01
22
50
09
00
e1
fa
0b
8c
22
80
00
01
f1
d3
69
31
2a
50
48
02
25
90
2a
01
2a
88
08
02
25
80
2a
02
20
48
40
01
67
94
49
ad
2a
00
11
01
24
50
50
01
